Kodutöö 12a.                             Programmi väljund
=========================================================:
Antud järjend [-6 21 -7 9 2 14 -5 -7 ]
Pikim nulliga võrduv osajärjend on: [[-6, -7, 9, 2, 14, -5, -7]]
----------------------------------------
Antud järjend [-3 5 2 3 -1 -5 ]
Pikim nulliga võrduv osajärjend on: [[-3, 5, 3, -5]]
----------------------------------------
Antud järjend [91 96 101 0 -31 -30 -12 -15 77 66 76 -4 0 -16 -11 ]
Pikimad nulliga võrduvad osajärjendid on: [[91, 0, -31, -30, -15, -4, 0, -11], [96, 0, -31, -30, -15, -4, 0, -16], [0, -31, -15, 77, -4, 0, -16, -11], [0, -30, -12, -15, 77, -4, 0, -16], [0, -30, -15, 76, -4, 0, -16, -11]]
----------------------------------------
Antud maatriks:
    0.1.2.3.4.
  0. 1 7 0 4 8
  1. 1 4 0 8 8
  2. 7 5 0 6 2
  3. 4 9 7 4 0
  4. 2 3 4 9 9
Sobivad kokku kõige paremini järgmised inimesed:
[0, 1, 3, 4]
Antud maatriks:
   0.1.2.3.4.5.6.7.8.9.10.11.12.13.14.
 0. 3 8 0 6 5 9 5 8 8 7 0 4 7 4 4
 1. 1 8 4 7 7 0 4 3 6 6 2 0 0 2 7
 2. 5 5 9 4 2 2 1 2 5 6 5 6 3 7 0
 3. 0 0 4 3 0 7 7 4 6 5 8 9 4 9 7
 4. 8 8 6 9 9 7 6 9 2 7 0 0 7 2 6
 5. 2 6 5 1 5 5 4 7 1 8 2 6 0 7 1
 6. 0 0 2 2 9 7 1 3 4 5 7 9 1 4 0
 7. 8 3 9 9 0 9 4 0 2 9 2 8 3 1 1
 8. 5 6 2 0 5 4 8 2 2 3 4 5 5 5 2
 9. 4 8 7 3 3 3 0 0 9 7 4 3 8 3 5
10. 5 9 2 9 9 9 4 1 1 7 0 8 3 8 2
11. 3 6 3 0 3 3 4 7 2 8 1 6 2 5 5
12. 5 4 2 9 4 2 4 1 6 5 1 6 6 0 7
13. 5 4 1 6 3 5 0 5 8 6 1 2 0 7 2
14. 2 3 4 3 5 3 5 2 0 0 4 2 8 1 6
Parima sobivusega meeskond on: [0, 4, 5, 7, 9]. Sobivusega: 5.76

=========================================================.
Risto Luik                        2019-05-27 19:18:44.854

Process finished with exit code 0